+--------------+------------------------+------------------------+-----------------------+------------------------+------------------------+------------------------+------------------------+
|    models    |          bow           |          cbow          |        deepcbow       |      pt_deep_cbow      |          lstm          |       mini_lstm        |       tree_lstm        |
+--------------+------------------------+------------------------+-----------------------+------------------------+------------------------+------------------------+------------------------+
|     bow      |   1.016970506183063    | 0.0038144527247738974  | 3.846222086300001e-06 | 5.439797541490393e-16  | 3.9063195010227374e-19 | 5.029901337099635e-08  | 4.043462452528047e-22  |
|     cbow     | 0.0038144527247738974  |   1.016970506183063    |  0.08885304819476156  | 2.2903932558420673e-07 | 1.9105322152556936e-09 | 5.213490837962179e-17  | 1.6777035402901824e-11 |
|   deepcbow   | 3.846222086300001e-06  |  0.08885304819476156   |   1.016970506183063   | 0.0005675552069133521  | 1.882224787036087e-05  | 4.530954071347691e-24  | 5.632527422055055e-07  |
| pt_deep_cbow | 5.439797541490393e-16  | 2.2903932558420673e-07 | 0.0005675552069133521 |   1.016970506183063    |  0.41901327802467303   | 2.1229455672566294e-42 |  0.12569539442280778   |
|     lstm     | 3.9063195010227374e-19 | 1.9105322152556936e-09 | 1.882224787036087e-05 |  0.41901327802467303   |   1.016970506183063    | 1.3641391492581513e-47 |   0.482707011933633    |
|  mini_lstm   | 5.029901337099635e-08  | 5.213490837962179e-17  | 4.530954071347691e-24 | 2.1229455672566294e-42 | 1.3641391492581513e-47 |   1.016970506183063    | 2.1101099671836778e-52 |
|  tree_lstm   | 4.043462452528047e-22  | 1.6777035402901824e-11 | 5.632527422055055e-07 |  0.12569539442280778   |   0.482707011933633    | 2.1101099671836778e-52 |   1.016970506183063    |
+--------------+------------------------+------------------------+-----------------------+------------------------+------------------------+------------------------+------------------------+